USE MEL_EEL_Automation_Dev;
GO

-- Duty reference Table Creation (Define a duty type for each duty possible)
IF OBJECT_ID('ref.motor','U') IS NULL
BEGIN
    CREATE TABLE ref.motor(
        HP DECIMAL(10,3) NOT NULL,
        KW DECIMAL(10,3)  NOT NULL,
        Eff_50 DECIMAL(10,3)  NOT NULL,
        Eff_75 DECIMAL(10,3)  NOT NULL,
        Eff_100 DECIMAL(10,3)  NOT NULL,
        PF_50 DECIMAL(10,3)  NOT NULL,
        PF_75 DECIMAL(10,3)  NOT NULL,
        PF_100 DECIMAL(10,3)  NOT NULL,
        V DECIMAL(10,3)  NOT NULL,
        FLA DECIMAL(10,3) NOT NULL,
        FLA_125 DECIMAL(10,3)  NOT NULL,
        CONSTRAINT PK_motor PRIMARY KEY (HP,V)
    );
END
GO

-- 2) Duty Types Definition
MERGE ref.motor AS tgt
USING (VALUES
(0.12,0.09,0.48,0.41,0.33,0.52,0.46,0.40,575.00,0.5,0.6),
(0.25,0.19,0.55,0.49,0.40,0.56,0.49,0.40,575.00,0.8,1.0),
(0.33,0.25,0.59,0.54,0.44,0.59,0.52,0.42,575.00,0.9,1.1),
(0.5,0.37,0.76,0.73,0.67,0.67,0.58,0.46,575.00,0.9,1.1),
(0.75,0.56,0.77,0.76,0.71,0.67,0.56,0.45,575.00,1.3,1.7),
(1,0.75,0.86,0.85,0.82,0.74,0.67,0.54,575.00,1.3,1.7),
(1.5,1.12,0.87,0.87,0.85,0.77,0.70,0.58,575.00,1.9,2.3),
(2,1.49,0.87,0.87,0.86,0.77,0.69,0.56,575.00,2.5,3.1),
(2.5,1.87,0.87,0.87,0.86,0.77,0.69,0.56,575.00,3.1,3.9),
(3,2.24,0.90,0.89,0.88,0.78,0.72,0.60,575.00,3.5,4.4),
(5,3.73,0.90,0.90,0.89,0.81,0.75,0.63,575.00,5.6,6.9),
(7.5,5.60,0.92,0.92,0.91,0.81,0.75,0.65,575.00,8.2,10.2),
(10,7.46,0.92,0.92,0.92,0.83,0.77,0.67,575.00,10.5,13.1),
(15,11.19,0.92,0.93,0.92,0.83,0.79,0.69,575.00,15.5,19.3),
(20,14.92,0.93,0.93,0.93,0.84,0.80,0.70,575.00,20.1,25.1),
(25,18.65,0.94,0.94,0.93,0.84,0.81,0.71,575.00,24.8,31.0),
(30,22.38,0.94,0.94,0.94,0.84,0.81,0.72,575.00,29.6,37.0),
(40,29.84,0.94,0.94,0.94,0.86,0.82,0.74,575.00,38.7,48.4),
(50,37.30,0.95,0.95,0.94,0.85,0.81,0.73,575.00,48.6,60.8),
(60,44.76,0.95,0.95,0.95,0.87,0.84,0.77,575.00,56.1,70.1),
(75,55.95,0.95,0.96,0.95,0.86,0.84,0.76,575.00,70.4,88.0),
(100,75.00,0.95,0.96,0.95,0.87,0.86,0.80,575.00,92.0,115.0),
(125,93.25,0.96,0.96,0.95,0.86,0.84,0.78,575.00,116.2,145.3),
(150,111.90,0.96,0.96,0.96,0.87,0.85,0.78,575.00,138.2,172.7),
(175,130.55,0.96,0.96,0.96,0.86,0.84,0.75,575.00,162.7,203.4),
(200,149.20,0.96,0.96,0.96,0.86,0.84,0.75,575.00,186.0,232.4),
(225,167.85,0.96,0.96,0.96,0.86,0.84,0.75,575.00,209.2,261.5),
(250,186.50,0.96,0.96,0.96,0.86,0.84,0.75,575.00,232.4,290.6),
(275,205.15,0.95,0.95,0.95,0.84,0.81,0.72,575.00,266.9,333.6),
(300,223.80,0.95,0.95,0.95,0.84,0.81,0.72,575.00,291.2,364.0),
(350,261.10,0.96,0.96,0.95,0.85,0.82,0.75,575.00,333.3,416.6),
(400,298.40,0.96,0.96,0.95,0.85,0.83,0.75,575.00,380.3,475.3),
(450,335.70,0.94,0.94,0.94,0.87,0.84,0.77,575.00,426.6,533.3),
(500,373.00,0.94,0.95,0.94,0.87,0.84,0.77,575.00,472.7,590.9),
(600,447.60,0.95,0.95,0.94,0.86,0.84,0.77,575.00,566.3,707.9),
(700,522.20,0.95,0.95,0.95,0.87,0.84,0.78,575.00,651.9,814.9),
(750,559.50,0.95,0.95,0.94,0.87,0.85,0.79,575.00,696.4,870.4),
(800,596.80,0.95,0.96,0.95,0.87,0.85,0.78,575.00,745.7,932.2),
(850,634.10,0.95,0.95,0.95,0.86,0.84,0.77,575.00,792.2,990.3)

) AS src(HP, KW,Eff_50,Eff_75,Eff_100,PF_50,PF_75,PF_100,V,FLA,FLA_125)
ON (tgt.HP = src.HP) AND (tgt.V = src.V)
WHEN MATCHED THEN
  UPDATE SET HP=src.HP, KW=src.KW,Eff_50=src.Eff_50,Eff_75=src.Eff_75,Eff_100=src.Eff_100,PF_50=src.PF_50,PF_75=src.PF_75,PF_100=src.PF_100,V=src.V,FLA=src.FLA,FLA_125=src.FLA_125
WHEN NOT MATCHED THEN
  INSERT(HP, KW,Eff_50,Eff_75,Eff_100,PF_50,PF_75,PF_100,V,FLA,FLA_125) VALUES(src.HP, src.KW,src.Eff_50,src.Eff_75,src.Eff_100,src.PF_50,src.PF_75,src.PF_100,src.V,src.FLA,src.FLA_125);
